val/rmse: [0.09122946113348007, 0.05463549122214317, 0.05463549122214317, 0.05463549122214317, 0.05463549122214317, 0.05463549122214317, 0.05463549122214317, 0.05463549122214317, 0.05463549122214317, 0.05463549122214317, 0.05463549122214317, 0.05463549122214317, 0.05463549122214317, 0.05463549122214317, 0.05463549122214317, 0.05463549122214317, 0.05463549122214317, 0.05463549122214317, 0.05463549122214317, 0.05463549122214317, 0.05463549122214317, 0.05463549122214317, 0.05463549122214317, 0.05463549122214317, 0.05463549122214317, 0.05463549122214317, 0.05463549122214317, 0.05463549122214317, 0.05463549122214317, 0.05463549122214317, 0.05463549122214317, 0.05463549122214317, 0.05463549122214317, 0.05463549122214317, 0.05463549122214317, 0.05463549122214317, 0.05463549122214317, 0.05463549122214317, 0.05463549122214317, 0.05463549122214317, 0.05463549122214317, 0.05463549122214317, 0.05463549122214317, 0.05463549122214317, 0.05463549122214317, 0.05463549122214317, 0.05463549122214317, 0.05463549122214317, 0.05463549122214317, 0.05463549122214317, 0.05463549122214317]
val_loss: [0.09122946113348007, 0.05463549122214317, 0.05463549122214317, 0.05463549122214317, 0.05463549122214317, 0.05463549122214317, 0.05463549122214317, 0.05463549122214317, 0.05463549122214317, 0.05463549122214317, 0.05463549122214317, 0.05463549122214317, 0.05463549122214317, 0.05463549122214317, 0.05463549122214317, 0.05463549122214317, 0.05463549122214317, 0.05463549122214317, 0.05463549122214317, 0.05463549122214317, 0.05463549122214317, 0.05463549122214317, 0.05463549122214317, 0.05463549122214317, 0.05463549122214317, 0.05463549122214317, 0.05463549122214317, 0.05463549122214317, 0.05463549122214317, 0.05463549122214317, 0.05463549122214317, 0.05463549122214317, 0.05463549122214317, 0.05463549122214317, 0.05463549122214317, 0.05463549122214317, 0.05463549122214317, 0.05463549122214317, 0.05463549122214317, 0.05463549122214317, 0.05463549122214317, 0.05463549122214317, 0.05463549122214317, 0.05463549122214317, 0.05463549122214317, 0.05463549122214317, 0.05463549122214317, 0.05463549122214317, 0.05463549122214317, 0.05463549122214317, 0.05463549122214317]
train/loss: [0.0022753553930670023, 0.0022753553930670023, 0.0022753553930670023, 0.0022753553930670023, 0.0022753553930670023, 0.0022753553930670023, 0.0022753553930670023, 0.0022753553930670023, 0.0022753553930670023, 0.0022753553930670023, 0.0022753553930670023, 0.0022753553930670023, 0.0022753553930670023, 0.0022753553930670023, 0.0022753553930670023, 0.0022753553930670023, 0.0022753553930670023, 0.0022753553930670023, 0.0022753553930670023, 0.0022753553930670023, 0.0022753553930670023, 0.0022753553930670023, 0.0022753553930670023, 0.0022753553930670023, 0.0022753553930670023, 0.0022753553930670023, 0.0022753553930670023, 0.0022753553930670023, 0.0022753553930670023, 0.0022753553930670023, 0.0022753553930670023, 0.0022753553930670023, 0.0022753553930670023, 0.0022753553930670023, 0.0022753553930670023, 0.0022753553930670023, 0.0022753553930670023, 0.0022753553930670023, 0.0022753553930670023, 0.0022753553930670023, 0.0022753553930670023, 0.0022753553930670023, 0.0022753553930670023, 0.0022753553930670023, 0.0022753553930670023, 0.0022753553930670023, 0.0022753553930670023, 0.0022753553930670023, 0.0022753553930670023, 0.0022753553930670023]
